Number of vertebra ::
GT : 16
Detected : 16
DC :: 
V0: 0.9552507308297729
V1: 0.9401396360306742
V2: 0.9626467449306296
V3: 0.9403041347241423
V4: 0.9674541947926711
V5: 0.9534911383371001
V6: 0.9531963470319634
V7: 0.9805465493283928
V8: 0.9688694702348444
V9: 0.9788965647771364
V10: 0.9533413606261288
V11: 0.9602216748768473
V12: 0.9691072731695451
V13: 0.9747414816070521
V14: 0.9790603187832065
V15: 0.9775128428806824
Average : 0.9634237789350492
whole : 0.9206169619480058
Number of vertebra ::
GT : 16
Detected : 16
DC :: 
V0: 0.930209617755857
V1: 0.9828942439755275
V2: 0.9637903522769118
V3: 0.9025354285163405
V4: 0.914368403132448
V5: 0.899140242211334
V6: 0.9471268763744144
V7: 0.9043280182232346
V8: 0.9182389937106918
V9: 0.993469819978821
V10: 0.9323868428450942
V11: 0.9141148325358852
V12: 0.9039002814636108
V13: 0.8981318293972507
V14: 0.949043216512578
V15: 0.9693585602215044
Average : 0.932689847445719
whole : 0.8940170531897108
Number of vertebra ::
GT : 16
Detected : 15
DC :: 
V0: 0.956397426733381
V1: 0.9678449258836944
V2: 0.939666816749212
V3: 0.9618625277161863
V4: 0.9609367852895435
V5: 0.9830923248053393
V6: 0.9696582561481955
V7: 0.9641618497109826
V8: 0.9274673008323424
V9: 0.9126109169131487
V10: 0.9896226415094339
V11: 0.9491547634648145
V12: 0.0
V13: 0.8497053681279544
V14: 0.9347476695596272
V15: 0.9676210864329676
Average : 0.8896594162423016
whole : 0.8659647523706439
Number of vertebra ::
GT : 17
Detected : 17
DC :: 
V0: 0.9621561234464461
V1: 0.9639912039582188
V2: 0.9426609167864558
V3: 0.9596174282678002
V4: 0.9209551781381689
V5: 0.9676058086136279
V6: 0.9616705591427394
V7: 0.9625215203284333
V8: 0.9606352046522031
V9: 0.9607454401268835
V10: 0.9681876022541356
V11: 0.9800827930953683
V12: 0.9515797840630589
V13: 0.9553162679734348
V14: 0.9422503281231357
V15: 0.9682306141354694
V16: 0.9879472693032015
Average : 0.9597737672005164
whole : 0.924230003513292
